5.808100e-07 2.051405e-10
5.866181e-07 1.334476e-11
5.924843e-07 -1.090280e-10
5.984091e-07 -1.770666e-10
6.043932e-07 -2.035978e-10
6.104371e-07 -1.994344e-10
6.165415e-07 -1.736002e-10
6.227069e-07 -1.335407e-10
6.289340e-07 -8.531239e-11
6.352233e-07 -3.375778e-11
6.415756e-07 1.733630e-11
6.479913e-07 6.509482e-11
6.544712e-07 1.074236e-10
6.610160e-07 1.428917e-10
6.676261e-07 1.706259e-10
6.743024e-07 1.902154e-10
6.810454e-07 2.016280e-10
6.878559e-07 2.051346e-10
6.947344e-07 2.012428e-10
7.016818e-07 1.906399e-10
7.086986e-07 1.741408e-10
7.157856e-07 1.526458e-10
7.229434e-07 1.271015e-10
7.301729e-07 9.847116e-11
7.374746e-07 6.770540e-11
7.448493e-07 3.572259e-11
7.522978e-07 3.390512e-12
7.598208e-07 -2.848853e-11
7.674190e-07 -5.918677e-11
7.750932e-07 -8.805908e-11
7.828441e-07 -1.145482e-10
7.906726e-07 -1.381867e-10
7.985793e-07 -1.585980e-10
8.065651e-07 -1.754941e-10
8.146307e-07 -1.886750e-10
8.227770e-07 -1.980225e-10
8.310048e-07 -2.034971e-10
8.393149e-07 -2.051317e-10
8.477080e-07 -2.030248e-10
8.561851e-07 -1.973350e-10
8.647469e-07 -1.882732e-10
8.733944e-07 -1.760955e-10
8.821284e-07 -1.610962e-10
8.909496e-07 -1.436005e-10
8.998591e-07 -1.239580e-10
9.088577e-07 -1.025348e-10
9.179463e-07 -7.970872e-11
9.271258e-07 -5.586160e-11
9.363970e-07 -3.137442e-11
9.457610e-07 -6.621966e-12
9.552186e-07 1.803223e-11
9.647708e-07 4.224006e-11
9.744185e-07 6.567263e-11
9.841627e-07 8.802374e-11
9.940043e-07 1.090126e-10
1.003944e-06 1.283864e-10
1.013984e-06 1.459221e-10
1.024124e-06 1.614275e-10
1.034365e-06 1.747424e-10
1.044709e-06 1.857396e-10
1.055156e-06 1.943241e-10
1.065707e-06 2.004337e-10
1.076364e-06 2.040376e-10
1.087128e-06 2.051362e-10
1.097999e-06 2.037588e-10
1.108979e-06 1.999638e-10
1.120069e-06 1.938352e-10
1.131270e-06 1.854815e-10
1.142582e-06 1.750338e-10
1.154008e-06 1.626431e-10
1.165548e-06 1.484780e-10
1.177204e-06 1.327226e-10
1.188976e-06 1.155737e-10
1.200866e-06 9.723847e-11
1.212874e-06 7.793193e-11
1.225003e-06 5.787428e-11
1.237253e-06 3.728866e-11
1.249625e-06 1.639926e-11
1.262122e-06 -4.572322e-12
1.274743e-06 -2.540779e-11
1.287490e-06 -4.589507e-11
1.300365e-06 -6.582966e-11
1.313369e-06 -8.501710e-11
1.326503e-06 -1.032739e-10
1.339768e-06 -1.204290e-10
1.353165e-06 -1.363264e-10
1.366697e-06 -1.508241e-10
1.380364e-06 -1.637967e-10
1.394168e-06 -1.751357e-10
1.408109e-06 -1.847496e-10
1.422190e-06 -1.925653e-10
1.436412e-06 -1.985273e-10
1.450776e-06 -2.025988e-10
1.465284e-06 -2.047605e-10
1.479937e-06 -2.050111e-10
1.494736e-06 -2.033669e-10
1.509684e-06 -1.998609e-10
1.524781e-06 -1.945425e-10
1.540028e-06 -1.874765e-10
1.555429e-06 -1.787421e-10
1.570983e-06 -1.684322e-10
1.586693e-06 -1.566524e-10
1.602560e-06 -1.435190e-10
1.618585e-06 -1.291592e-10
1.634771e-06 -1.137085e-10
1.651119e-06 -9.731004e-11
1.667630e-06 -8.011266e-11
1.684306e-06 -6.227119e-11
1.701149e-06 -4.394271e-11
1.718161e-06 -2.528702e-11
1.735342e-06 -6.464113e-12
1.752696e-06 1.236638e-11
1.770223e-06 3.104670e-11
1.787925e-06 4.942219e-11
1.805804e-06 6.734274e-11
1.823862e-06 8.466371e-11
1.842101e-06 1.012472e-10
1.860522e-06 1.169622e-10
1.879127e-06 1.316873e-10
1.897919e-06 1.453095e-10
1.916898e-06 1.577264e-10
1.936067e-06 1.688458e-10
1.955427e-06 1.785872e-10
1.974982e-06 1.868820e-10
1.994731e-06 1.936732e-10
2.014679e-06 1.989164e-10
2.034826e-06 2.025801e-10
2.055174e-06 2.046448e-10
2.075726e-06 2.051038e-10
2.096483e-06 2.039630e-10
2.117448e-06 2.012404e-10
2.138622e-06 1.969661e-10
2.160008e-06 1.911817e-10
2.181608e-06 1.839397e-10
2.203424e-06 1.753033e-10
2.225459e-06 1.653460e-10
2.247713e-06 1.541501e-10
2.270190e-06 1.418066e-10
2.292892e-06 1.284146e-10
2.315821e-06 1.140795e-10
2.338979e-06 9.891364e-11
2.362369e-06 8.303394e-11
2.385993e-06 6.656196e-11
2.409853e-06 4.962236e-11
2.433951e-06 3.234279e-11
2.458291e-06 1.485157e-11
2.482874e-06 -2.721668e-12
2.507703e-06 -2.024811e-11
2.532780e-06 -3.760043e-11
2.558107e-06 -5.465291e-11
2.583689e-06 -7.128355e-11
2.609525e-06 -8.737384e-11
2.635621e-06 -1.028104e-10
2.661977e-06 -1.174846e-10
2.688597e-06 -1.312949e-10
2.715483e-06 -1.441461e-10
2.742637e-06 -1.559505e-10
2.770064e-06 -1.666285e-10
2.797764e-06 -1.761090e-10
2.825742e-06 -1.843294e-10
2.853999e-06 -1.912369e-10
2.882539e-06 -1.967880e-10
2.911365e-06 -2.009487e-10
2.940479e-06 -2.036953e-10
2.969883e-06 -2.050138e-10
2.999582e-06 -2.049003e-10
3.029578e-06 -2.033608e-10
3.059874e-06 -2.004113e-10
3.090472e-06 -1.960766e-10
3.121377e-06 -1.903921e-10
3.152591e-06 -1.834012e-10
3.184117e-06 -1.751566e-10
3.215958e-06 -1.657190e-10
3.248118e-06 -1.551569e-10
3.280599e-06 -1.435459e-10
3.313405e-06 -1.309688e-10
3.346539e-06 -1.175140e-10
3.380004e-06 -1.032755e-10
3.413804e-06 -8.835193e-11
3.447942e-06 -7.284649e-11
3.482422e-06 -5.686522e-11
3.517246e-06 -4.051732e-11
3.552418e-06 -2.391325e-11
3.587943e-06 -7.165166e-12
3.623822e-06 9.614657e-12
3.660060e-06 2.631412e-11
3.696661e-06 4.282209e-11
3.733627e-06 5.902960e-11
3.770964e-06 7.482989e-11
3.808673e-06 9.011946e-11
3.846760e-06 1.047986e-10
3.885228e-06 1.187721e-10
3.924080e-06 1.319499e-10
3.963321e-06 1.442473e-10
4.002954e-06 1.555860e-10
4.042984e-06 1.658943e-10
4.083413e-06 1.751073e-10
4.124248e-06 1.831675e-10
4.165490e-06 1.900253e-10
4.207145e-06 1.956391e-10
4.249216e-06 1.999753e-10
4.291708e-06 2.030091e-10
4.334626e-06 2.047240e-10
4.377972e-06 2.051118e-10
4.421752e-06 2.041731e-10
4.465969e-06 2.019171e-10
4.510629e-06 1.983615e-10
4.555735e-06 1.935319e-10
4.601292e-06 1.874623e-10
4.647305e-06 1.801942e-10
4.693778e-06 1.717770e-10
4.740716e-06 1.622667e-10
4.788123e-06 1.517266e-10
4.836005e-06 1.402259e-10
4.884365e-06 1.278399e-10
4.933208e-06 1.146491e-10
4.982540e-06 1.007386e-10
5.032366e-06 8.619867e-11
5.082689e-06 7.112233e-11
5.133516e-06 5.560570e-11
5.184851e-06 3.974813e-11
5.236700e-06 2.364987e-11
5.289067e-06 7.412570e-12
5.341958e-06 -8.860926e-12
5.395377e-06 -2.506854e-11
5.449331e-06 -4.110853e-11
5.503824e-06 -5.688096e-11
5.558863e-06 -7.228730e-11
5.614451e-06 -8.723239e-11
5.670596e-06 -1.016234e-10
5.727302e-06 -1.153717e-10
5.784575e-06 -1.283927e-10
5.842420e-06 -1.406067e-10
5.900845e-06 -1.519389e-10
5.959853e-06 -1.623210e-10
6.019452e-06 -1.716901e-10
6.079646e-06 -1.799894e-10
6.140443e-06 -1.871699e-10
6.201847e-06 -1.931887e-10
6.263865e-06 -1.980106e-10
6.326504e-06 -2.016079e-10
6.389769e-06 -2.039602e-10
6.453667e-06 -2.050553e-10
6.518203e-06 -2.048878e-10
6.583386e-06 -2.034616e-10
6.649219e-06 -2.007866e-10
6.715712e-06 -1.968816e-10
6.782869e-06 -1.917719e-10
6.850697e-06 -1.854907e-10
6.919204e-06 -1.780784e-10
6.988396e-06 -1.695817e-10
7.058280e-06 -1.600537e-10
7.128863e-06 -1.495545e-10
7.200152e-06 -1.381489e-10
7.272153e-06 -1.259079e-10
7.344875e-06 -1.129067e-10
7.418324e-06 -9.922569e-11
7.492507e-06 -8.494846e-11
7.567432e-06 -7.016259e-11
7.643106e-06 -5.495804e-11
7.719537e-06 -3.942744e-11
7.796733e-06 -2.366531e-11
7.874700e-06 -7.766777e-12
7.953447e-06 8.171616e-12
8.032981e-06 2.405417e-11
8.113311e-06 3.978503e-11
8.194444e-06 5.526972e-11
8.276389e-06 7.041546e-11
8.359153e-06 8.513151e-11
8.442744e-06 9.933030e-11
8.527172e-06 1.129270e-10
8.612443e-06 1.258409e-10
8.698568e-06 1.379955e-10
8.785554e-06 1.493191e-10
8.873409e-06 1.597446e-10
8.962143e-06 1.692108e-10
9.051765e-06 1.776626e-10
9.142282e-06 1.850503e-10
9.233705e-06 1.913314e-10
9.326042e-06 1.964694e-10
9.419302e-06 2.004352e-10
9.513496e-06 2.032062e-10
9.608630e-06 2.047677e-10
9.704717e-06 2.051115e-10
9.801764e-06 2.042365e-10
9.899782e-06 2.021499e-10
9.998779e-06 1.988648e-10
1.009877e-05 1.944019e-10
1.019975e-05 1.887891e-10
1.030175e-05 1.820608e-10
1.040477e-05 1.742579e-10
1.050882e-05 1.654275e-10
1.061391e-05 1.556228e-10
1.072004e-05 1.449026e-10
1.082725e-05 1.333310e-10
1.093552e-05 1.209772e-10
1.104487e-05 1.079146e-10
1.115532e-05 9.422060e-11
1.126687e-05 7.997676e-11
1.137954e-05 6.526691e-11
1.149334e-05 5.017817e-11
1.160827e-05 3.479957e-11
1.172436e-05 1.922129e-11
1.184160e-05 3.535013e-12
1.196001e-05 -1.216708e-11
1.207961e-05 -2.779323e-11
1.220041e-05 -4.325192e-11
1.232242e-05 -5.845303e-11
1.244564e-05 -7.330754e-11
1.257010e-05 -8.772931e-11
1.269580e-05 -1.016345e-10
1.282275e-05 -1.149424e-10
1.295098e-05 -1.275756e-10
1.308049e-05 -1.394614e-10
1.321130e-05 -1.505309e-10
1.334341e-05 -1.607205e-10
1.347684e-05 -1.699717e-10
1.361161e-05 -1.782313e-10
1.374773e-05 -1.854522e-10
1.388521e-05 -1.915933e-10
1.402406e-05 -1.966200e-10
1.416430e-05 -2.005038e-10
1.430594e-05 -2.032230e-10
1.444900e-05 -2.047631e-10
1.459349e-05 -2.051159e-10
1.473943e-05 -2.042803e-10
1.488682e-05 -2.022623e-10
1.503569e-05 -1.990742e-10
1.518605e-05 -1.947356e-10
1.533791e-05 -1.892724e-10
1.549128e-05 -1.827169e-10
1.564620e-05 -1.751079e-10
1.580266e-05 -1.664903e-10
1.596069e-05 -1.569142e-10
1.612029e-05 -1.464357e-10
1.628150e-05 -1.351162e-10
1.644431e-05 -1.230208e-10
1.660875e-05 -1.102203e-10
1.677484e-05 -9.678874e-11
1.694259e-05 -8.280364e-11
1.711202e-05 -6.834611e-11
1.728314e-05 -5.349922e-11
1.745597e-05 -3.834880e-11
1.763053e-05 -2.298183e-11
1.780683e-05 -7.486658e-12
1.798490e-05 8.047684e-12
1.816475e-05 2.353227e-11
1.834640e-05 3.887830e-11
1.852986e-05 5.399807e-11
1.871516e-05 6.880522e-11
1.890231e-05 8.321514e-11
1.909133e-05 9.714590e-11
1.928225e-05 1.105181e-10
1.947507e-05 1.232555e-10
1.966982e-05 1.352863e-10
1.986652e-05 1.465422e-10
2.006518e-05 1.569592e-10
2.026584e-05 1.664789e-10
2.046849e-05 1.750472e-10
2.067318e-05 1.826163e-10
2.087991e-05 1.891437e-10
2.108871e-05 1.945928e-10
2.129960e-05 1.989335e-10
2.151259e-05 2.021418e-10
2.172772e-05 2.042002e-10
2.194500e-05 2.050979e-10
2.216445e-05 2.048304e-10
2.238609e-05 2.034001e-10
2.260995e-05 2.008161e-10
2.283605e-05 1.970933e-10
2.306441e-05 1.922539e-10
2.329506e-05 1.863262e-10
2.352801e-05 1.793444e-10
2.376329e-05 1.713485e-10
2.400092e-05 1.623847e-10
2.424093e-05 1.525042e-10
2.448334e-05 1.417634e-10
2.472817e-05 1.302240e-10
2.497545e-05 1.179511e-10
2.522521e-05 1.050148e-10
2.547746e-05 9.148876e-11
2.573223e-05 7.744937e-11
2.598956e-05 6.297619e-11
2.624945e-05 4.815097e-11
2.651195e-05 3.305788e-11
2.677707e-05 1.778196e-11
2.704484e-05 2.409099e-12
2.731529e-05 -1.297386e-11
2.758844e-05 -2.828060e-11
2.786432e-05 -4.342502e-11
2.814297e-05 -5.832212e-11
2.842440e-05 -7.288803e-11
2.870864e-05 -8.704181e-11
2.899573e-05 -1.007038e-10
2.928568e-05 -1.137979e-10
2.957854e-05 -1.262510e-10
2.987433e-05 -1.379937e-10
3.017307e-05 -1.489607e-10
3.047480e-05 -1.590908e-10
3.077955e-05 -1.683282e-10
3.108734e-05 -1.766217e-10
3.139822e-05 -1.839255e-10
3.171220e-05 -1.901994e-10
3.202932e-05 -1.954091e-10
3.234961e-05 -1.995262e-10
3.267311e-05 -2.025279e-10
3.299984e-05 -2.043990e-10
3.332984e-05 -2.051295e-10
3.366314e-05 -2.047160e-10
3.399977e-05 -2.031614e-10
3.433977e-05 -2.004755e-10
3.468316e-05 -1.966739e-10
3.503000e-05 -1.917782e-10
3.538030e-05 -1.858167e-10
3.573410e-05 -1.788233e-10
3.609144e-05 -1.708375e-10
3.645235e-05 -1.619043e-10
3.681688e-05 -1.520737e-10
3.718505e-05 -1.414014e-10
3.755690e-05 -1.299469e-10
3.793247e-05 -1.177743e-10
3.831179e-05 -1.049514e-10
3.869491e-05 -9.155031e-11
3.908186e-05 -7.764501e-11
3.947268e-05 -6.331313e-11
3.986740e-05 -4.863427e-11
4.026608e-05 -3.368951e-11
4.066874e-05 -1.856241e-11
4.107542e-05 -3.336185e-12
4.148618e-05 1.190523e-11
4.190104e-05 2.707706e-11
4.232005e-05 4.209570e-11
4.274325e-05 5.687901e-11
4.317068e-05 7.134509e-11
4.360239e-05 8.541452e-11
4.403842e-05 9.901020e-11
4.447880e-05 1.120577e-10
4.492359e-05 1.244856e-10
4.537282e-05 1.362258e-10
4.582655e-05 1.472143e-10
4.628482e-05 1.573912e-10
4.674767e-05 1.667016e-10
4.721514e-05 1.750946e-10
4.768729e-05 1.825250e-10
4.816417e-05 1.889528e-10
4.864581e-05 1.943436e-10
4.913227e-05 1.986682e-10
4.962359e-05 2.019043e-10
5.011982e-05 2.040348e-10
5.062102e-05 2.050488e-10
5.112723e-05 2.049416e-10
5.163851e-05 2.037147e-10
5.215489e-05 2.013757e-10
5.267644e-05 1.979384e-10
5.320320e-05 1.934222e-10
5.373524e-05 1.878526e-10
5.427259e-05 1.812608e-10
5.481531e-05 1.736836e-10
5.536347e-05 1.651630e-10
5.591710e-05 1.557461e-10
5.647627e-05 1.454850e-10
5.704104e-05 1.344360e-10
5.761145e-05 1.226599e-10
5.818756e-05 1.102211e-10
5.876944e-05 9.718778e-11
5.935713e-05 8.363126e-11
5.995070e-05 6.962515e-11
6.055021e-05 5.524594e-11
6.115571e-05 4.057185e-11
6.176727e-05 2.568221e-11
6.238494e-05 1.065816e-11
6.300879e-05 -4.419061e-12
6.363888e-05 -1.946798e-11
6.427527e-05 -3.440755e-11
6.491802e-05 -4.915701e-11
6.556720e-05 -6.363713e-11
6.622287e-05 -7.776995e-11
6.688510e-05 -9.147986e-11
6.755395e-05 -1.046932e-10
6.822949e-05 -1.173395e-10
6.891179e-05 -1.293512e-10
6.960090e-05 -1.406644e-10
7.029691e-05 -1.512189e-10
7.099988e-05 -1.609590e-10
7.170988e-05 -1.698328e-10
7.242698e-05 -1.777940e-10
7.315125e-05 -1.848006e-10
7.388276e-05 -1.908160e-10
7.462159e-05 -1.958091e-10
7.536780e-05 -1.997540e-10
7.612148e-05 -2.026310e-10
7.688270e-05 -2.044255e-10
7.765152e-05 -2.051293e-10
7.842804e-05 -2.047393e-10
7.921232e-05 -2.032590e-10
8.000444e-05 -2.006973e-10
8.080449e-05 -1.970690e-10
8.161253e-05 -1.923947e-10
8.242866e-05 -1.866998e-10
8.325294e-05 -1.800161e-10
8.408547e-05 -1.723799e-10
8.492633e-05 -1.638326e-10
8.577559e-05 -1.544209e-10
8.663335e-05 -1.441955e-10
8.749968e-05 -1.332108e-10
8.837468e-05 -1.215265e-10
8.925842e-05 -1.092046e-10
9.015101e-05 -9.631107e-11
9.105252e-05 -8.291433e-11
9.196304e-05 -6.908590e-11
9.288267e-05 -5.489921e-11
9.381150e-05 -4.042905e-11
9.474962e-05 -2.575177e-11
9.569711e-05 -1.094522e-11
9.665408e-05 3.912954e-12
9.762062e-05 1.874487e-11
9.859683e-05 3.347247e-11
9.958280e-05 4.801892e-11
1.005786e-04 6.230820e-11
1.015844e-04 7.626571e-11
1.026003e-04 8.981943e-11
1.036263e-04 1.028987e-10
1.046625e-04 1.154359e-10
1.057091e-04 1.273662e-10
1.067662e-04 1.386286e-10
1.078339e-04 1.491651e-10
1.089122e-04 1.589216e-10
1.100014e-04 1.678490e-10
1.111014e-04 1.759017e-10
1.122124e-04 1.830392e-10
1.133345e-04 1.892256e-10
1.144679e-04 1.944302e-10
1.156125e-04 1.986275e-10
1.167687e-04 2.017970e-10
1.179364e-04 2.039241e-10
1.191157e-04 2.049988e-10
1.203069e-04 2.050176e-10
1.215099e-04 2.039814e-10
1.227250e-04 2.018973e-10
1.239523e-04 1.987774e-10
1.251918e-04 1.946393e-10
1.264437e-04 1.895057e-10
1.277082e-04 1.834042e-10
1.289852e-04 1.763677e-10
1.302751e-04 1.684336e-10
1.315779e-04 1.596436e-10
1.328936e-04 1.500440e-10
1.342226e-04 1.396849e-10
1.355648e-04 1.286205e-10
1.369204e-04 1.169081e-10
1.382896e-04 1.046077e-10
1.396725e-04 9.178354e-11
1.410693e-04 7.850092e-11
1.424800e-04 6.482831e-11
1.439048e-04 5.083499e-11
1.453438e-04 3.659279e-11
1.467972e-04 2.217381e-11
1.482652e-04 7.651074e-12
1.497479e-04 -6.901991e-12
1.512453e-04 -2.141208e-11
1.527578e-04 -3.580653e-11
1.542854e-04 -5.001279e-11
1.558282e-04 -6.396043e-11
1.573865e-04 -7.757944e-11
1.589604e-04 -9.080273e-11
1.605500e-04 -1.035649e-10
1.621555e-04 -1.158027e-10
1.637770e-04 -1.274563e-10
1.654148e-04 -1.384686e-10
1.670690e-04 -1.487859e-10
1.687396e-04 -1.583586e-10
1.704270e-04 -1.671404e-10
1.721313e-04 -1.750889e-10
1.738526e-04 -1.821669e-10
1.755912e-04 -1.883408e-10
1.773471e-04 -1.935816e-10
1.791205e-04 -1.978659e-10
1.809117e-04 -2.011738e-10
1.827209e-04 -2.034914e-10
1.845481e-04 -2.048091e-10
1.863935e-04 -2.051227e-10
1.882575e-04 -2.044325e-10
1.901401e-04 -2.027437e-10
1.920415e-04 -2.000670e-10
1.939619e-04 -1.964173e-10
1.959015e-04 -1.918146e-10
1.978605e-04 -1.862830e-10
1.998391e-04 -1.798517e-10
2.018375e-04 -1.725536e-10
2.038559e-04 -1.644261e-10
2.058944e-04 -1.555103e-10
2.079534e-04 -1.458507e-10
2.100329e-04 -1.354958e-10
2.121332e-04 -1.244974e-10
2.142546e-04 -1.129089e-10
2.163971e-04 -1.007882e-10
2.185611e-04 -8.819415e-11
2.207467e-04 -7.518835e-11
2.229542e-04 -6.183384e-11
2.251837e-04 -4.819511e-11
2.274356e-04 -3.433785e-11
2.297099e-04 -2.032875e-11
2.320070e-04 -6.234351e-12
2.343271e-04 7.878104e-12
2.366703e-04 2.194167e-11
2.390371e-04 3.589023e-11
2.414274e-04 4.965796e-11
2.438417e-04 6.318082e-11
2.462801e-04 7.639543e-11
2.487429e-04 8.924068e-11
2.512303e-04 1.016573e-10
2.537426e-04 1.135883e-10
2.562801e-04 1.249793e-10
2.588429e-04 1.357785e-10
2.614313e-04 1.459372e-10
2.640456e-04 1.554099e-10
2.666861e-04 1.641544e-10
2.693529e-04 1.721324e-10
2.720465e-04 1.793090e-10
2.747669e-04 1.856532e-10
2.775146e-04 1.911382e-10
2.802897e-04 1.957413e-10
2.830926e-04 1.994438e-10
2.859236e-04 2.022311e-10
2.887828e-04 2.040934e-10
2.916706e-04 2.050246e-10
2.945873e-04 2.050233e-10
2.975332e-04 2.040924e-10
3.005085e-04 2.022385e-10
3.035136e-04 1.994730e-10
3.065488e-04 1.958111e-10
3.096143e-04 1.912721e-10
3.127104e-04 1.858789e-10
3.158375e-04 1.796585e-10
3.189959e-04 1.726412e-10
3.221858e-04 1.648610e-10
3.254077e-04 1.563550e-10
3.286618e-04 1.471635e-10
3.319484e-04 1.373291e-10
3.352679e-04 1.268979e-10
3.386205e-04 1.159179e-10
3.420068e-04 1.044393e-10
3.454268e-04 9.251427e-11
3.488811e-04 8.019698e-11
3.523699e-04 6.754248e-11
3.558936e-04 5.460739e-11
3.594525e-04 4.144922e-11
3.630471e-04 2.812597e-11
3.666775e-04 1.469617e-11
3.703443e-04 1.218252e-12
3.740477e-04 -1.224888e-11
3.777882e-04 -2.564755e-11
3.815661e-04 -3.892017e-11
3.853818e-04 -5.200991e-11
3.892356e-04 -6.486172e-11
3.931279e-04 -7.742135e-11
3.970592e-04 -8.963620e-11
4.010298e-04 -1.014556e-10
4.050401e-04 -1.128310e-10
4.090905e-04 -1.237155e-10
4.131814e-04 -1.340656e-10
4.173132e-04 -1.438391e-10
4.214864e-04 -1.529977e-10
4.257012e-04 -1.615050e-10
4.299582e-04 -1.693279e-10
4.342578e-04 -1.764366e-10
4.386004e-04 -1.828045e-10
4.429864e-04 -1.884078e-10
4.474163e-04 -1.932267e-10
4.518904e-04 -1.972440e-10
4.564093e-04 -2.004470e-10
4.609734e-04 -2.028256e-10
4.655832e-04 -2.043734e-10
4.702390e-04 -2.050875e-10
4.749414e-04 -2.049684e-10
4.796908e-04 -2.040204e-10
4.844877e-04 -2.022507e-10
4.893326e-04 -1.996698e-10
4.942259e-04 -1.962918e-10
4.991682e-04 -1.921334e-10
5.041599e-04 -1.872147e-10
5.092014e-04 -1.815591e-10
5.142935e-04 -1.751920e-10
5.194364e-04 -1.681416e-10
5.246308e-04 -1.604391e-10
5.298771e-04 -1.521181e-10
5.351758e-04 -1.432136e-10
5.405276e-04 -1.337634e-10
5.459329e-04 -1.238069e-10
5.513922e-04 -1.133854e-10
5.569061e-04 -1.025416e-10
5.624752e-04 -9.131916e-11
5.680999e-04 -7.976313e-11
5.737809e-04 -6.792001e-11
5.795187e-04 -5.583640e-11
5.853139e-04 -4.355947e-11
5.911671e-04 -3.113749e-11
5.970787e-04 -1.861749e-11
6.030495e-04 -6.048188e-12
6.090800e-04 6.523106e-12
6.151708e-04 1.904896e-11
6.213225e-04 3.148276e-11
6.275358e-04 4.377812e-11
6.338111e-04 5.589059e-11
6.401492e-04 6.777576e-11
6.465507e-04 7.939071e-11
6.530162e-04 9.069423e-11
6.595464e-04 1.016464e-10
6.661419e-04 1.122086e-10
6.728033e-04 1.223449e-10
6.795313e-04 1.320204e-10
6.863266e-04 1.412027e-10
6.931899e-04 1.498608e-10
7.001218e-04 1.579669e-10
7.071230e-04 1.654946e-10
7.141942e-04 1.724207e-10
7.213362e-04 1.787235e-10
7.285495e-04 1.843838e-10
7.358350e-04 1.893859e-10
7.431934e-04 1.937154e-10
7.506253e-04 1.973608e-10
7.581316e-04 2.003139e-10
7.657129e-04 2.025677e-10
7.733700e-04 2.041189e-10
7.811037e-04 2.049660e-10
7.889148e-04 2.051102e-10
7.968039e-04 2.045550e-10
8.047719e-04 2.033064e-10
8.128197e-04 2.013732e-10
8.209479e-04 1.987657e-10
8.291573e-04 1.954968e-10
8.374489e-04 1.915815e-10
8.458234e-04 1.870366e-10
8.542816e-04 1.818815e-10
8.628244e-04 1.761369e-10
8.714527e-04 1.698252e-10
8.801672e-04 1.629710e-10
8.889689e-04 1.555999e-10
8.978586e-04 1.477396e-10
9.068372e-04 1.394186e-10
9.159055e-04 1.306666e-10
9.250646e-04 1.215148e-10
9.343152e-04 1.119952e-10
9.436584e-04 1.021404e-10
9.530950e-04 9.198418e-11
9.626259e-04 8.156034e-11
9.722522e-04 7.090392e-11
9.819747e-04 6.004972e-11
9.917945e-04 4.903310e-11
1.001712e-03 3.788974e-11
1.011730e-03 2.665472e-11
1.021847e-03 1.536323e-11
1.032065e-03 4.050754e-12
1.042386e-03 -7.248293e-12
1.052810e-03 -1.849936e-11
1.063338e-03 -2.966892e-11
1.073971e-03 -4.072332e-11
1.084711e-03 -5.163071e-11
1.095558e-03 -6.235925e-11
1.106514e-03 -7.287823e-11
1.117579e-03 -8.315792e-11
1.128755e-03 -9.316997e-11
1.140042e-03 -1.028867e-10
1.151443e-03 -1.122817e-10
1.162957e-03 -1.213304e-10
1.174587e-03 -1.300087e-10
1.186332e-03 -1.382947e-10
1.198196e-03 -1.461673e-10
1.210178e-03 -1.536072e-10
1.222279e-03 -1.605962e-10
1.234502e-03 -1.671185e-10
1.246847e-03 -1.731588e-10
1.259316e-03 -1.787041e-10
1.271909e-03 -1.837423e-10
1.284628e-03 -1.882639e-10
1.297474e-03 -1.922601e-10
1.310449e-03 -1.957238e-10
1.323554e-03 -1.986498e-10
1.336789e-03 -2.010346e-10
1.350157e-03 -2.028755e-10
1.363659e-03 -2.041723e-10
1.377295e-03 -2.049255e-10
1.391068e-03 -2.051375e-10
1.404979e-03 -2.048118e-10
1.419029e-03 -2.039538e-10
1.433219e-03 -2.025700e-10
1.447551e-03 -2.006681e-10
1.462027e-03 -1.982574e-10
1.476647e-03 -1.953479e-10
1.491413e-03 -1.919516e-10
1.506327e-03 -1.880808e-10
1.521391e-03 -1.837491e-10
1.536605e-03 -1.789715e-10
1.551971e-03 -1.737636e-10
1.567490e-03 -1.681419e-10
1.583165e-03 -1.621240e-10
1.598997e-03 -1.557276e-10
1.614987e-03 -1.489721e-10
1.631137e-03 -1.418767e-10
1.647448e-03 -1.344616e-10
1.663923e-03 -1.267475e-10
1.680562e-03 -1.187551e-10
1.697367e-03 -1.105063e-10
1.714341e-03 -1.020225e-10
1.731484e-03 -9.332612e-11
1.748799e-03 -8.443903e-11
1.766287e-03 -7.538375e-11
1.783950e-03 -6.618283e-11
1.801790e-03 -5.685859e-11
1.819808e-03 -4.743363e-11
1.838006e-03 -3.793018e-11
1.856386e-03 -2.837047e-11
1.874950e-03 -1.877638e-11
1.893699e-03 -9.169918e-12
1.912636e-03 4.275182e-13
1.931762e-03 9.994831e-12
1.951080e-03 1.951137e-11
1.970591e-03 2.895678e-11
1.990297e-03 3.831115e-11
2.010200e-03 4.755498e-11
2.030302e-03 5.666991e-11
2.050605e-03 6.563727e-11
2.071111e-03 7.443967e-11
2.091822e-03 8.305995e-11
2.112740e-03 9.148221e-11
2.133868e-03 9.969021e-11
2.155206e-03 1.076692e-10
2.176758e-03 1.154053e-10
2.198526e-03 1.228848e-10
2.220511e-03 1.300948e-10
2.242716e-03 1.370237e-10
2.265143e-03 1.436600e-10
2.287795e-03 1.499935e-10
2.310673e-03 1.560146e-10
2.333779e-03 1.617143e-10
2.357117e-03 1.670849e-10
2.380688e-03 1.721192e-10
2.404495e-03 1.768105e-10
2.428540e-03 1.811535e-10
2.452826e-03 1.851432e-10
2.477354e-03 1.887755e-10
2.502128e-03 1.920474e-10
2.527149e-03 1.949562e-10
2.552420e-03 1.975003e-10
2.577944e-03 1.996783e-10
2.603724e-03 2.014903e-10
2.629761e-03 2.029366e-10
2.656059e-03 2.040183e-10
2.682619e-03 2.047371e-10
2.709446e-03 2.050954e-10
2.736540e-03 2.050966e-10
2.763905e-03 2.047439e-10
2.791544e-03 2.040416e-10
2.819460e-03 2.029950e-10
2.847654e-03 2.016090e-10
2.876131e-03 1.998896e-10
2.904892e-03 1.978434e-10
2.933941e-03 1.954770e-10
2.963281e-03 1.927981e-10
2.992913e-03 1.898140e-10
3.022843e-03 1.865332e-10
3.053071e-03 1.829641e-10
3.083602e-03 1.791155e-10
3.114438e-03 1.749967e-10
3.145582e-03 1.706173e-10
3.177038e-03 1.659869e-10
3.208808e-03 1.611156e-10
3.240896e-03 1.560138e-10
3.273305e-03 1.506918e-10
3.306038e-03 1.451603e-10
3.339099e-03 1.394302e-10
3.372490e-03 1.335123e-10
3.406215e-03 1.274179e-10
3.440277e-03 1.211577e-10
3.474680e-03 1.147434e-10
3.509426e-03 1.081858e-10
3.544521e-03 1.014964e-10
3.579966e-03 9.468642e-11
3.615766e-03 8.776727e-11
3.651923e-03 8.075012e-11
3.688442e-03 7.364603e-11
3.725327e-03 6.646602e-11
3.762580e-03 5.922118e-11
3.800206e-03 5.192267e-11
3.838208e-03 4.458108e-11
3.876590e-03 3.720695e-11
3.915356e-03 2.981103e-11
3.954510e-03 2.240337e-11
3.994055e-03 1.499450e-11
4.033995e-03 7.594119e-12
4.074335e-03 2.122766e-13
4.115079e-03 -7.141657e-12
4.156229e-03 -1.445848e-11
4.197792e-03 -2.172878e-11
4.239770e-03 -2.894355e-11
4.282167e-03 -3.609447e-11
4.324989e-03 -4.317310e-11
4.368239e-03 -5.017107e-11
4.411921e-03 -5.708075e-11
4.456040e-03 -6.389432e-11
4.500601e-03 -7.060473e-11
4.545607e-03 -7.720458e-11
4.591063e-03 -8.368749e-11
4.636973e-03 -9.004661e-11
4.683343e-03 -9.627585e-11
4.730177e-03 -1.023695e-10
4.777478e-03 -1.083217e-10
4.825253e-03 -1.141272e-10
4.873506e-03 -1.197811e-10
4.922241e-03 -1.252784e-10
4.971463e-03 -1.306148e-10
5.021178e-03 -1.357861e-10
5.071390e-03 -1.407884e-10
5.122103e-03 -1.456181e-10
5.173325e-03 -1.502719e-10
5.225058e-03 -1.547469e-10
5.277308e-03 -1.590402e-10
5.330081e-03 -1.631492e-10
5.383382e-03 -1.670718e-10
5.437216e-03 -1.708060e-10
5.491588e-03 -1.743503e-10
5.546504e-03 -1.777029e-10
5.601969e-03 -1.808629e-10
5.657989e-03 -1.838293e-10
5.714569e-03 -1.866014e-10
5.771714e-03 -1.891787e-10
5.829432e-03 -1.915612e-10
5.887726e-03 -1.937484e-10
5.946603e-03 -1.957409e-10
6.006069e-03 -1.975390e-10
6.066130e-03 -1.991434e-10
6.126791e-03 -2.005548e-10
6.188059e-03 -2.017743e-10
6.249940e-03 -2.028029e-10
6.312439e-03 -2.036424e-10
6.375563e-03 -2.042941e-10
6.439319e-03 -2.047596e-10
6.503712e-03 -2.050410e-10
6.568749e-03 -2.051403e-10
6.634437e-03 -2.050596e-10
6.700781e-03 -2.048012e-10
6.767789e-03 -2.043678e-10
6.835467e-03 -2.037617e-10
6.903822e-03 -2.029858e-10
6.972860e-03 -2.020429e-10
7.042588e-03 -2.009357e-10
7.113014e-03 -1.996675e-10
7.184144e-03 -1.982415e-10
7.255986e-03 -1.966605e-10
7.328546e-03 -1.949282e-10
7.401831e-03 -1.930478e-10
7.475850e-03 -1.910228e-10
7.550608e-03 -1.888568e-10
7.626114e-03 -1.865531e-10
7.702375e-03 -1.841155e-10
7.779399e-03 -1.815478e-10
7.857193e-03 -1.788535e-10
7.935765e-03 -1.760366e-10
8.015123e-03 -1.731006e-10
8.095274e-03 -1.700494e-10
8.176227e-03 -1.668871e-10
8.257989e-03 -1.636174e-10
8.340569e-03 -1.602439e-10
8.423974e-03 -1.567710e-10
8.508214e-03 -1.532023e-10
8.593296e-03 -1.495416e-10
8.679229e-03 -1.457931e-10
8.766022e-03 -1.419603e-10
8.853682e-03 -1.380473e-10
8.942219e-03 -1.340581e-10
9.031641e-03 -1.299962e-10
9.121957e-03 -1.258657e-10
9.213177e-03 -1.216703e-10
9.305308e-03 -1.174136e-10
9.398362e-03 -1.130999e-10
9.492345e-03 -1.087321e-10
9.587269e-03 -1.043145e-10
9.683141e-03 -9.985051e-11
9.779973e-03 -9.534364e-11
9.877772e-03 -9.079768e-11
9.976550e-03 -8.621591e-11
1.007632e-02 -8.160198e-11
1.017708e-02 -7.695915e-11
1.027885e-02 -7.229081e-11
1.038164e-02 -6.760035e-11
1.048545e-02 -6.289089e-11
1.059031e-02 -5.816569e-11
1.069621e-02 -5.342799e-11
1.080317e-02 -4.868078e-11
1.091121e-02 -4.392706e-11
1.102032e-02 -3.916983e-11
1.113052e-02 -3.441206e-11
1.124183e-02 -2.965661e-11
1.135424e-02 -2.490612e-11
1.146779e-02 -2.016331e-11
1.158247e-02 -1.543103e-11
1.169829e-02 -1.071154e-11
1.181527e-02 -6.007804e-12
1.193343e-02 -1.321948e-12
1.205276e-02 3.343543e-12
1.217329e-02 7.986307e-12
1.229502e-02 1.260410e-11
1.241797e-02 1.719469e-11
1.254215e-02 2.175606e-11
1.266757e-02 2.628598e-11
1.279425e-02 3.078258e-11
1.292219e-02 3.524385e-11
1.305141e-02 3.966791e-11
1.318193e-02 4.405300e-11
1.331374e-02 4.839725e-11
1.344688e-02 5.269925e-11
1.358135e-02 5.695712e-11
1.371716e-02 6.116935e-11
1.385434e-02 6.533452e-11
1.399288e-02 6.945134e-11
1.413281e-02 7.351807e-11
1.427414e-02 7.753376e-11
1.441688e-02 8.149678e-11
1.456105e-02 8.540630e-11
1.470666e-02 8.926104e-11
1.485372e-02 9.305994e-11
1.500226e-02 9.680194e-11
1.515228e-02 1.004861e-10
1.530381e-02 1.041116e-10
1.545684e-02 1.076774e-10
1.561141e-02 1.111826e-10
1.576753e-02 1.146270e-10
1.592520e-02 1.180094e-10
1.608445e-02 1.213292e-10
1.624530e-02 1.245860e-10
1.640775e-02 1.277790e-10
1.657183e-02 1.309080e-10
1.673755e-02 1.339723e-10
1.690492e-02 1.369715e-10
1.707397e-02 1.399053e-10
1.724471e-02 1.427736e-10
1.741716e-02 1.455756e-10
1.759133e-02 1.483115e-10
1.776724e-02 1.509809e-10
1.794492e-02 1.535836e-10
1.812437e-02 1.561196e-10
1.830561e-02 1.585887e-10
1.848867e-02 1.609909e-10
1.867355e-02 1.633265e-10
1.886029e-02 1.655949e-10
1.904889e-02 1.677966e-10
1.923938e-02 1.699314e-10
1.943177e-02 1.719998e-10
1.962609e-02 1.740016e-10
1.982235e-02 1.759371e-10
2.002058e-02 1.778064e-10
2.022078e-02 1.796100e-10
2.042299e-02 1.813479e-10
2.062722e-02 1.830207e-10
2.083349e-02 1.846282e-10
2.104183e-02 1.861712e-10
2.125224e-02 1.876498e-10
2.146477e-02 1.890645e-10
2.167941e-02 1.904156e-10
2.189621e-02 1.917036e-10
2.211517e-02 1.929291e-10
2.233632e-02 1.940923e-10
2.255969e-02 1.951936e-10
2.278528e-02 1.962338e-10
2.301314e-02 1.972134e-10
2.324327e-02 1.981327e-10
2.347570e-02 1.989923e-10
2.371046e-02 1.997930e-10
2.394756e-02 2.005350e-10
2.418704e-02 2.012192e-10
2.442891e-02 2.018460e-10
2.467320e-02 2.024160e-10
2.491993e-02 2.029301e-10
2.516913e-02 2.033886e-10
2.542082e-02 2.037923e-10
2.567503e-02 2.041418e-10
2.593178e-02 2.044379e-10
2.619109e-02 2.046810e-10
2.645301e-02 2.048720e-10
2.671754e-02 2.050114e-10
2.698471e-02 2.051000e-10
2.725456e-02 2.051386e-10
2.752710e-02 2.051276e-10
2.780237e-02 2.050679e-10
2.808040e-02 2.049603e-10
2.836120e-02 2.048052e-10
2.864481e-02 2.046037e-10
2.893126e-02 2.043562e-10
2.922058e-02 2.040635e-10
2.951278e-02 2.037264e-10
2.980791e-02 2.033456e-10
3.010599e-02 2.029218e-10
3.040705e-02 2.024555e-10
3.071112e-02 2.019477e-10
3.101823e-02 2.013992e-10
3.132841e-02 2.008104e-10
3.164170e-02 2.001823e-10
3.195811e-02 1.995154e-10
3.227769e-02 1.988105e-10
3.260047e-02 1.980685e-10
3.292648e-02 1.972899e-10
3.325574e-02 1.964753e-10
3.358830e-02 1.956258e-10
3.392418e-02 1.947417e-10
3.426342e-02 1.938240e-10
3.460606e-02 1.928732e-10
3.495212e-02 1.918901e-10
3.530164e-02 1.908753e-10
3.565465e-02 1.898297e-10
3.601120e-02 1.887538e-10
3.637131e-02 1.876482e-10
3.673503e-02 1.865137e-10
3.710238e-02 1.853510e-10
3.747340e-02 1.841607e-10
3.784813e-02 1.829435e-10
3.822662e-02 1.817000e-10
3.860888e-02 1.804310e-10
3.899497e-02 1.791368e-10
3.938492e-02 1.778185e-10
3.977877e-02 1.764764e-10
4.017656e-02 1.751112e-10
4.057832e-02 1.737235e-10
4.098411e-02 1.723140e-10
4.139395e-02 1.708833e-10
4.180789e-02 1.694317e-10
4.222597e-02 1.679603e-10
4.264823e-02 1.664693e-10
4.307471e-02 1.649595e-10
4.350545e-02 1.634314e-10
4.394051e-02 1.618855e-10
4.437991e-02 1.603225e-10
4.482371e-02 1.587427e-10
4.527195e-02 1.571470e-10
4.572467e-02 1.555356e-10
4.618192e-02 1.539093e-10
4.664374e-02 1.522684e-10
4.711017e-02 1.506136e-10
4.758128e-02 1.489454e-10
4.805709e-02 1.472643e-10
4.853766e-02 1.455705e-10
4.902304e-02 1.438650e-10
4.951327e-02 1.421478e-10
5.000840e-02 1.404197e-10
5.050848e-02 1.386811e-10
5.101357e-02 1.369323e-10
5.152370e-02 1.351740e-10
5.203894e-02 1.334066e-10
5.255933e-02 1.316304e-10
5.308492e-02 1.298459e-10
5.361577e-02 1.280535e-10
5.415193e-02 1.262536e-10
5.469345e-02 1.244468e-10
5.524038e-02 1.226334e-10
5.579279e-02 1.208136e-10
5.635071e-02 1.189881e-10
5.691422e-02 1.171573e-10
5.748336e-02 1.153213e-10
5.805820e-02 1.134806e-10
5.863878e-02 1.116355e-10
5.922517e-02 1.097865e-10
5.981742e-02 1.079339e-10
6.041559e-02 1.060780e-10
6.101975e-02 1.042192e-10
6.162995e-02 1.023579e-10
6.224625e-02 1.004942e-10
6.286871e-02 9.862857e-11
6.349740e-02 9.676139e-11
6.413237e-02 9.489284e-11
6.477369e-02 9.302326e-11
6.542143e-02 9.115299e-11
6.607564e-02 8.928235e-11
6.673640e-02 8.741157e-11
6.740377e-02 8.554074e-11
6.807780e-02 8.367042e-11
6.875858e-02 8.180083e-11
6.944617e-02 7.993209e-11
7.014063e-02 7.806462e-11
7.084203e-02 7.619854e-11
7.155046e-02 7.433417e-11
7.226596e-02 7.247174e-11
7.298862e-02 7.061136e-11
7.371851e-02 6.875345e-11
7.445569e-02 6.689814e-11
7.520025e-02 6.504552e-11
7.595225e-02 6.319616e-11
7.671177e-02 6.134993e-11
7.747889e-02 5.950716e-11
7.825368e-02 5.766785e-11
7.903622e-02 5.583267e-11
7.982658e-02 5.400126e-11
8.062484e-02 5.217431e-11
8.143109e-02 5.035158e-11
8.224540e-02 4.853340e-11
8.306786e-02 4.671999e-11
8.389854e-02 4.491146e-11
8.473752e-02 4.310790e-11
8.558490e-02 4.130955e-11
8.644075e-02 3.951673e-11
8.730515e-02 3.772933e-11
8.817820e-02 3.594745e-11
8.905999e-02 3.417141e-11
8.995059e-02 3.240134e-11
9.085009e-02 3.063723e-11
9.175859e-02 2.887950e-11
9.267618e-02 2.712795e-11
9.360294e-02 2.538267e-11
9.453897e-02 2.364400e-11
9.548436e-02 2.191204e-11
9.643920e-02 2.018690e-11
9.740360e-02 1.846847e-11
9.837763e-02 1.675707e-11
9.936141e-02 1.505270e-11
1.003550e-01 1.335547e-11
1.013586e-01 1.166559e-11
1.023722e-01 9.982844e-12
1.033959e-01 8.307668e-12
1.044298e-01 6.639836e-12
1.054741e-01 4.979678e-12
1.065289e-01 3.327191e-12
1.075942e-01 1.682260e-12
1.086701e-01 4.521354e-14
1.097568e-01 -1.583951e-12
1.108544e-01 -3.205125e-12
1.119629e-01 -4.818425e-12
1.130826e-01 -6.423743e-12
1.142134e-01 -8.020860e-12
1.153555e-01 -9.609890e-12
1.165091e-01 -1.119073e-11
1.176742e-01 -1.276337e-11
1.188509e-01 -1.432761e-11
1.200394e-01 -1.588366e-11
1.212398e-01 -1.743120e-11
1.224522e-01 -1.897045e-11
1.236767e-01 -2.050119e-11
1.249135e-01 -2.202342e-11
1.261626e-01 -2.353716e-11
1.274242e-01 -2.504251e-11
1.286985e-01 -2.653914e-11
1.299855e-01 -2.802727e-11
1.312853e-01 -2.950670e-11
1.325982e-01 -3.097764e-11
1.339242e-01 -3.243976e-11
1.352634e-01 -3.389330e-11
1.366160e-01 -3.533824e-11
1.379822e-01 -3.677437e-11
1.393620e-01 -3.820181e-11
1.407556e-01 -3.962056e-11
1.421632e-01 -4.103051e-11
1.435848e-01 -4.243177e-11
1.450207e-01 -4.382435e-11
1.464709e-01 -4.520803e-11
1.479356e-01 -4.658303e-11
1.494150e-01 -4.794924e-11
1.509091e-01 -4.930688e-11
1.524182e-01 -5.065564e-11
1.539424e-01 -5.199561e-11
1.554818e-01 -5.332703e-11
1.570366e-01 -5.464957e-11
1.586070e-01 -5.596333e-11
1.601931e-01 -5.726854e-11
1.617950e-01 -5.856499e-11
1.634129e-01 -5.985267e-11
1.650471e-01 -6.113169e-11
1.666975e-01 -6.240207e-11
1.683645e-01 -6.366379e-11
1.700482e-01 -6.491687e-11
1.717486e-01 -6.616131e-11
1.734661e-01 -6.739722e-11
1.752008e-01 -6.862448e-11
1.769528e-01 -6.984311e-11
1.787223e-01 -7.105332e-11
1.805095e-01 -7.225490e-11
1.823146e-01 -7.344795e-11
1.841378e-01 -7.463260e-11
1.859792e-01 -7.580873e-11
1.878390e-01 -7.697657e-11
1.897173e-01 -7.813578e-11
1.916145e-01 -7.928692e-11
1.935307e-01 -8.042933e-11
1.954660e-01 -8.156367e-11
1.974206e-01 -8.268962e-11
1.993948e-01 -8.380739e-11
2.013888e-01 -8.491677e-11
2.034027e-01 -8.601809e-11
2.054367e-01 -8.711113e-11
2.074911e-01 -8.819601e-11
2.095660e-01 -8.927283e-11
2.116616e-01 -9.034160e-11
2.137782e-01 -9.140220e-11
2.159160e-01 -9.245487e-11
2.180752e-01 -9.349949e-11
2.202559e-01 -9.453628e-11
2.224585e-01 -9.556503e-11
2.246831e-01 -9.658595e-11
2.269299e-01 -9.759906e-11
2.291992e-01 -9.860434e-11
2.314912e-01 -9.960180e-11
2.338061e-01 -1.005915e-10
2.361442e-01 -1.015736e-10
2.385056e-01 -1.025480e-10
2.408907e-01 -1.035148e-10
2.432996e-01 -1.044740e-10
2.457326e-01 -1.054256e-10
2.481899e-01 -1.063697e-10
2.506718e-01 -1.073064e-10
2.531785e-01 -1.082357e-10
2.557103e-01 -1.091574e-10
2.582674e-01 -1.100720e-10
2.608501e-01 -1.109791e-10
2.634586e-01 -1.118791e-10
2.660932e-01 -1.127717e-10
2.687541e-01 -1.136573e-10
2.714417e-01 -1.145357e-10
2.741561e-01 -1.154068e-10
2.768976e-01 -1.162711e-10
2.796666e-01 -1.171282e-10
2.824633e-01 -1.179784e-10
2.852879e-01 -1.188215e-10
2.881408e-01 -1.196578e-10
2.910222e-01 -1.204872e-10
2.939324e-01 -1.213098e-10
2.968717e-01 -1.221257e-10
2.998405e-01 -1.229348e-10
3.028389e-01 -1.237373e-10
3.058672e-01 -1.245330e-10
3.089259e-01 -1.253221e-10
3.120152e-01 -1.261047e-10
3.151353e-01 -1.268808e-10
3.182867e-01 -1.276502e-10
3.214695e-01 -1.284133e-10
3.246842e-01 -1.291701e-10
3.279311e-01 -1.299204e-10
3.312104e-01 -1.306645e-10
3.345225e-01 -1.314022e-10
3.378677e-01 -1.321337e-10
3.412464e-01 -1.328590e-10
3.446589e-01 -1.335782e-10
3.481055e-01 -1.342912e-10
3.515865e-01 -1.349982e-10
3.551024e-01 -1.356991e-10
3.586534e-01 -1.363940e-10
3.622399e-01 -1.370830e-10
3.658623e-01 -1.377661e-10
3.695210e-01 -1.384434e-10
3.732162e-01 -1.391149e-10
3.769483e-01 -1.397804e-10
3.807178e-01 -1.404403e-10
3.845250e-01 -1.410944e-10
3.883702e-01 -1.417431e-10
3.922539e-01 -1.423859e-10
3.961765e-01 -1.430232e-10
4.001382e-01 -1.436551e-10
4.041396e-01 -1.442814e-10
4.081810e-01 -1.449022e-10
4.122628e-01 -1.455176e-10
4.163855e-01 -1.461277e-10
4.205493e-01 -1.467324e-10
4.247548e-01 -1.473317e-10
4.290024e-01 -1.479259e-10
4.332924e-01 -1.485149e-10
4.376253e-01 -1.490986e-10
4.420016e-01 -1.496772e-10
4.464216e-01 -1.502507e-10
4.508858e-01 -1.508190e-10
4.553947e-01 -1.513825e-10
4.599486e-01 -1.519409e-10
4.645481e-01 -1.524943e-10
4.691936e-01 -1.530428e-10
4.738855e-01 -1.535866e-10
4.786244e-01 -1.541254e-10
4.834106e-01 -1.546594e-10
4.882447e-01 -1.551887e-10
4.931272e-01 -1.557133e-10
4.980584e-01 -1.562332e-10
5.030390e-01 -1.567483e-10
5.080694e-01 -1.572590e-10
5.131501e-01 -1.577650e-10
5.182816e-01 -1.582664e-10
5.234644e-01 -1.587635e-10
5.286991e-01 -1.592558e-10
5.339860e-01 -1.597440e-10
5.393259e-01 -1.602277e-10
5.447192e-01 -1.607069e-10
5.501664e-01 -1.611820e-10
5.556680e-01 -1.616526e-10
5.612247e-01 -1.621190e-10
5.668369e-01 -1.625812e-10
5.725053e-01 -1.630392e-10
5.782304e-01 -1.634931e-10
5.840127e-01 -1.639427e-10
5.898528e-01 -1.643885e-10
5.957513e-01 -1.648300e-10
6.017088e-01 -1.652675e-10
6.077259e-01 -1.657011e-10
6.138032e-01 -1.661308e-10
6.199412e-01 -1.665563e-10
6.261406e-01 -1.669783e-10
6.324020e-01 -1.673962e-10
6.387261e-01 -1.678103e-10
6.451133e-01 -1.682206e-10
6.515645e-01 -1.686271e-10
6.580801e-01 -1.690300e-10
6.646609e-01 -1.694291e-10
6.713075e-01 -1.698246e-10
6.780206e-01 -1.702163e-10
6.848008e-01 -1.706045e-10
6.916488e-01 -1.709892e-10
6.985653e-01 -1.713703e-10
7.055509e-01 -1.717479e-10
7.126064e-01 -1.721220e-10
7.197325e-01 -1.724925e-10
7.269298e-01 -1.728597e-10
7.341991e-01 -1.732235e-10
7.415411e-01 -1.735839e-10
7.489565e-01 -1.739410e-10
7.564461e-01 -1.742949e-10
7.640106e-01 -1.746452e-10
7.716507e-01 -1.749925e-10
7.793672e-01 -1.753365e-10
7.871608e-01 -1.756774e-10
7.950325e-01 -1.760149e-10
8.029828e-01 -1.763495e-10
8.110126e-01 -1.766809e-10
8.191227e-01 -1.770093e-10
8.273140e-01 -1.773344e-10
8.355871e-01 -1.776565e-10
8.439430e-01 -1.779758e-10
8.523824e-01 -1.782919e-10
8.609062e-01 -1.786052e-10
8.695153e-01 -1.789155e-10
8.782104e-01 -1.792229e-10
8.869925e-01 -1.795274e-10
8.958625e-01 -1.798292e-10
9.048211e-01 -1.801280e-10
9.138693e-01 -1.804239e-10
9.230080e-01 -1.807173e-10
9.322381e-01 -1.810078e-10
9.415605e-01 -1.812956e-10
9.509761e-01 -1.815805e-10
9.604858e-01 -1.818630e-10
9.700907e-01 -1.821426e-10
9.797916e-01 -1.824198e-10
9.895895e-01 -1.826943e-10
9.994854e-01 -1.829662e-10
1.009480e+00 -1.832354e-10
1.019575e+00 -1.835021e-10
1.029771e+00 -1.837665e-10
1.040069e+00 -1.840282e-10
1.050469e+00 -1.842874e-10
1.060974e+00 -1.845444e-10
1.071584e+00 -1.847988e-10
1.082299e+00 -1.850508e-10
1.093122e+00 -1.853004e-10
1.104054e+00 -1.855476e-10
1.115094e+00 -1.857926e-10
1.126245e+00 -1.860351e-10
1.137508e+00 -1.862755e-10
1.148883e+00 -1.865133e-10
1.160372e+00 -1.867490e-10
1.171975e+00 -1.869827e-10
1.183695e+00 -1.872140e-10
1.195532e+00 -1.874430e-10
1.207487e+00 -1.876700e-10
1.219562e+00 -1.878946e-10
1.231758e+00 -1.881172e-10
1.244075e+00 -1.883377e-10
1.256516e+00 -1.885561e-10
1.269081e+00 -1.887724e-10
1.281772e+00 -1.889867e-10
1.294590e+00 -1.891988e-10
1.307536e+00 -1.894091e-10
1.320611e+00 -1.896173e-10
1.333817e+00 -1.898233e-10
1.347155e+00 -1.900275e-10
1.360627e+00 -1.902298e-10
1.374233e+00 -1.904301e-10
1.387975e+00 -1.906286e-10
1.401855e+00 -1.908250e-10
1.415874e+00 -1.910197e-10
1.430033e+00 -1.912124e-10
1.444333e+00 -1.914034e-10
1.458776e+00 -1.915924e-10
1.473364e+00 -1.917796e-10
1.488098e+00 -1.919652e-10
1.502979e+00 -1.921490e-10
1.518008e+00 -1.923309e-10
1.533188e+00 -1.925111e-10
1.548520e+00 -1.926895e-10
1.564005e+00 -1.928662e-10
1.579646e+00 -1.930413e-10
1.595442e+00 -1.932147e-10
1.611396e+00 -1.933863e-10
1.627510e+00 -1.935564e-10
1.643785e+00 -1.937249e-10
1.660223e+00 -1.938917e-10
1.676826e+00 -1.940568e-10
1.693594e+00 -1.942204e-10
1.710530e+00 -1.943825e-10
1.727635e+00 -1.945429e-10
1.744911e+00 -1.947019e-10
1.762361e+00 -1.948592e-10
1.779984e+00 -1.950152e-10
1.797784e+00 -1.951695e-10
1.815762e+00 -1.953224e-10
1.833919e+00 -1.954738e-10
1.852259e+00 -1.956237e-10
1.870781e+00 -1.957723e-10
1.889489e+00 -1.959193e-10
1.908384e+00 -1.960650e-10
1.927468e+00 -1.962092e-10
1.946742e+00 -1.963521e-10
1.966210e+00 -1.964935e-10
1.985872e+00 -1.966336e-10
2.005731e+00 -1.967724e-10
2.025788e+00 -1.969097e-10
2.046046e+00 -1.970457e-10
2.066506e+00 -1.971807e-10
2.087171e+00 -1.973141e-10
2.108043e+00 -1.974462e-10
2.129124e+00 -1.975771e-10
2.150415e+00 -1.977067e-10
2.171919e+00 -1.978351e-10
2.193638e+00 -1.979621e-10
2.215574e+00 -1.980881e-10
2.237730e+00 -1.982127e-10
2.260108e+00 -1.983362e-10
2.282709e+00 -1.984584e-10
2.305536e+00 -1.985796e-10
2.328591e+00 -1.986995e-10
2.351877e+00 -1.988182e-10
2.375396e+00 -1.989356e-10
2.399150e+00 -1.990522e-10
2.423141e+00 -1.991675e-10
2.447373e+00 -1.992816e-10
2.471846e+00 -1.993947e-10
2.496565e+00 -1.995068e-10
2.521530e+00 -1.996177e-10
2.546746e+00 -1.997275e-10
2.572213e+00 -1.998363e-10
2.597935e+00 -1.999440e-10
2.623915e+00 -2.000505e-10
2.650154e+00 -2.001561e-10
2.676655e+00 -2.002607e-10
2.703422e+00 -2.003642e-10
2.730456e+00 -2.004668e-10
2.757761e+00 -2.005684e-10
2.785338e+00 -2.006690e-10
2.813192e+00 -2.007686e-10
2.841324e+00 -2.008672e-10
2.869737e+00 -2.009648e-10
2.898434e+00 -2.010616e-10
2.927419e+00 -2.011572e-10
2.956693e+00 -2.012521e-10
2.986260e+00 -2.013461e-10
3.016122e+00 -2.014390e-10
3.046283e+00 -2.015311e-10
3.076746e+00 -2.016224e-10
3.107514e+00 -2.017126e-10
3.138589e+00 -2.018020e-10
3.169975e+00 -2.018906e-10
3.201675e+00 -2.019783e-10
3.233691e+00 -2.020651e-10
3.266028e+00 -2.021511e-10
3.298689e+00 -2.022362e-10
3.331675e+00 -2.023206e-10
3.364992e+00 -2.024040e-10
3.398642e+00 -2.024867e-10
3.432628e+00 -2.025686e-10
3.466955e+00 -2.026496e-10
3.501624e+00 -2.027299e-10
3.536641e+00 -2.028094e-10
3.572007e+00 -2.028881e-10
3.607727e+00 -2.029660e-10
3.643804e+00 -2.030432e-10
3.680242e+00 -2.031196e-10
3.717045e+00 -2.031953e-10
3.754215e+00 -2.032703e-10
3.791757e+00 -2.033445e-10
3.829675e+00 -2.034180e-10
3.867972e+00 -2.034907e-10
3.906651e+00 -2.035628e-10
3.945718e+00 -2.036341e-10
3.985175e+00 -2.037048e-10
4.025027e+00 -2.037747e-10
4.065277e+00 -2.038441e-10
4.105930e+00 -2.039126e-10
4.146989e+00 -2.039805e-10
4.188459e+00 -2.040478e-10
4.230344e+00 -2.041144e-10
4.272647e+00 -2.041803e-10
4.315374e+00 -2.042456e-10
4.358527e+00 -2.043103e-10
4.402113e+00 -2.043743e-10
4.446134e+00 -2.044377e-10
4.490595e+00 -2.045005e-10
4.535501e+00 -2.045627e-10
4.580856e+00 -2.046242e-10
4.626665e+00 -2.046851e-10
4.672931e+00 -2.047455e-10
4.719661e+00 -2.048053e-10
4.766857e+00 -2.048645e-10
4.814526e+00 -2.049231e-10
4.862671e+00 -2.049811e-10
4.911298e+00 -2.050385e-10
4.960411e+00 -2.050954e-10
